fish.id	month	day	year	indiv	location	length	weight	sex	maturity	age
1992.0001	4	23	1992	1	160170	90	9.3	male	ripe	NA
1992.0002	4	23	1992	2	160170	128	32.5	female	ripe	NA
1992.0003	4	23	1992	3	160170	112	19	male	ripe	NA
1992.0004	4	23	1992	4	160170	68	4.4	male	ripe	NA
1992.0005	4	23	1992	5	160170	56	2.1	unknown	unknown	NA
1992.0006	4	23	1992	6	160170	58	2.8	male	ripe	NA
1992.0007	4	23	1992	7	160170	111	16.1	male	ripe	NA
1992.0008	4	23	1992	8	160170	111	17.9	male	ripe	NA
1992.0009	4	23	1992	9	160170	115	22.7	male	ripe	NA
1992.001	4	23	1992	10	160170	65	3.4	female	immature	1
1992.0011	4	23	1992	11	160170	111	18.3	male	ripe	NA
1992.0012	4	23	1992	12	160170	90	9.3	male	ripe	NA
1992.0013	4	23	1992	13	160170	69	4.6	male	ripe	NA
1992.0014	4	23	1992	14	160170	78	6.3	male	ripe	NA
1992.0015	4	23	1992	15	160170	101	12.7	male	ripe	NA
1992.0016	4	23	1992	16	160170	100	12.4	male	ripe	NA
1992.0017	4	23	1992	17	160170	100	16	female	ripe	NA
1992.0018	4	23	1992	18	160170	78	6.4	male	ripe	NA
1992.0019	4	23	1992	19	160170	69	4	male	ripe	NA
1992.002	4	23	1992	20	160170	78	6.1	female	ripe	NA
1992.0021	4	23	1992	21	160170	68	4.2	male	ripe	NA
1992.0022	4	23	1992	22	160170	97	11.7	male	ripe	NA
1992.0023	4	23	1992	23	160170	89	9.5	male	ripe	NA
1992.0024	4	23	1992	24	160170	73	4.7	male	ripe	NA
1992.0025	4	23	1992	25	160170	108	16.4	female	ripe	NA
1992.0026	4	23	1992	26	160170	83	NA	unknown	mature	NA
1992.0027	4	23	1992	27	160170	96	12.9	male	ripe	NA
1992.0028	4	23	1992	28	160170	73	5.1	male	ripe	NA
1992.0029	4	23	1992	29	160170	97	11.5	male	ripe	NA
1992.003	4	23	1992	30	200210	135	28.5	male	ripe	NA
1992.0031	4	23	1992	31	180170	100	12.6	male	ripe	NA
1992.0032	4	27	1992	32	120080	142	39.3	female	ripe	3
1992.0033	4	27	1992	33	120080	127	27.3	female	ripe	NA
1992.0034	4	27	1992	34	120080	120	23	female	ripe	NA
1992.0035	4	27	1992	35	120080	137	37	female	ripe	NA
1992.0036	4	27	1992	36	120080	82	7.1	female	ripe	NA
1992.0037	4	27	1992	37	120080	124	30	female	ripe	NA
1992.0038	4	23	1992	38	210140	141	40.7	female	ripe	NA
1992.0039	4	23	1992	39	210140	85	8.2	female	ripe	2
1992.004	4	23	1992	40	210140	136	35.6	female	ripe	NA
1992.0041	4	23	1992	41	210140	85	7.4	male	ripe	NA
1992.0042	4	23	1992	42	190180	121	28.3	female	ripe	NA
1992.0043	4	23	1992	43	190180	140	36.8	female	ripe	NA
1992.0044	4	24	1992	44	30010	139	39.5	female	ripe	NA
1992.0045	4	24	1992	45	15011	151	47.2	female	ripe	4
1992.0046	4	27	1992	46	100130	132	34	female	ripe	NA
1992.0047	4	20	1992	47	370010	51	1.6	female	immature	1
1992.0048	4	20	1992	48	370010	57	2.5	male	ripe	NA
1992.0049	4	20	1992	49	370010	57	2.6	female	immature	1
1992.005	4	23	1992	50	200170	169	49.4	female	ripe	3
1992.0051	4	23	1992	51	200170	147	37.7	female	ripe	3
1992.0052	4	23	1992	52	200170	142	26.2	female	ripe	NA
1992.0053	4	27	1992	53	90040	156	59	female	ripe	NA
1992.0054	4	27	1992	54	90040	162	57.8	female	ripe	4
1992.0055	4	27	1992	55	60060	151	45.3	male	ripe	NA
1992.0056	4	20	1992	56	300020	150	NA	female	ripe	NA
1992.0057	4	20	1992	57	280090	153	50.2	female	ripe	4
1992.0058	4	20	1992	58	120080	167	48.8	female	ripe	4
1992.0059	4	20	1992	59	120080	176	66.3	female	ripe	4
1992.006	4	27	1992	60	90060	161	54	male	mature	NA
1992.0061	5	12	1992	61	60040	121	24.9	male	ripe	NA
1992.0062	5	12	1992	62	60040	106	15.4	male	ripe	NA
1992.0063	5	12	1992	63	60040	129	27	male	ripe	NA
1992.0064	5	12	1992	64	60040	115	20.9	male	ripe	NA
1992.0065	5	12	1992	65	60040	106	14.9	male	ripe	NA
1992.0066	5	12	1992	66	60040	80	8.9	male	ripe	NA
1992.0067	5	12	1992	67	6009	110	18.3	male	ripe	NA
1992.0068	5	12	1992	68	6009	116	21	female	ripe	NA
1992.0069	5	12	1992	69	6009	118	18.8	male	ripe	NA
1992.0069	4	24	1992	69	15011	183	82.8	male	ripe	NA
1992.007	5	12	1992	70	6009	120	22	female	ripe	NA
1992.007	4	24	1992	70	15011	154	48.7	male	ripe	NA
1992.0071	5	12	1992	71	6009	106	15.4	male	ripe	NA
1992.0072	5	12	1992	72	6009	110	17.1	male	mature	NA
1992.0073	5	12	1992	73	6009	107	18.5	female	ripe	NA
1992.0074	5	12	1992	74	6009	97	13.1	male	ripe	NA
1992.0075	5	12	1992	75	6009	81	8.7	male	ripe	NA
1992.0076	5	12	1992	76	6009	94	10	male	ripe	NA
1992.0077	5	12	1992	77	90060	97	13.6	male	ripe	NA
1992.0078	5	12	1992	78	90060	90	11.1	male	ripe	NA
1992.0079	5	12	1992	79	90060	96	12.8	male	ripe	NA
1992.008	5	12	1992	80	90060	120	24	male	ripe	NA
1992.0081	5	12	1992	81	90060	121	25.2	female	ripe	NA
1992.0082	5	12	1992	82	90060	109	15.8	male	ripe	NA
1992.0083	5	12	1992	83	90060	74	5.9	male	immature	NA
1992.0084	5	12	1992	84	10012	157	48.3	female	ripe	NA
1992.0085	5	12	1992	85	10012	135	33.5	female	ripe	NA
1992.0086	5	12	1992	86	10012	137	41.3	female	ripe	NA
1992.0087	5	12	1992	87	10012	131	32	female	ripe	NA
1992.0088	5	12	1992	88	10012	130	27.5	female	ripe	NA
1992.0089	5	12	1992	89	10012	89	9.3	female	ripe	NA
1992.009	5	12	1992	90	10012	135	31.9	female	ripe	NA
1992.0091	5	12	1992	91	10012	150	46.3	female	ripe	NA
1992.0092	5	12	1992	92	30030	95	10.7	male	ripe	NA
1992.0093	5	12	1992	93	30030	75	6.2	male	ripe	NA
1992.0094	5	12	1992	94	30030	85	7.7	male	ripe	NA
1992.0095	5	12	1992	95	30030	85	7.8	male	ripe	NA
1992.0096	5	12	1992	96	30030	85	8.5	male	ripe	NA
1992.0097	5	12	1992	97	30030	79	6.5	male	ripe	NA
1992.0098	5	12	1992	98	30030	70	4.6	male	ripe	NA
1992.0099	5	12	1992	99	30030	76	6.4	male	ripe	NA
1992.01	5	12	1992	100	20020	161	57.5	female	ripe	NA
1992.0101	5	12	1992	101	20020	159	58.1	female	ripe	NA
1992.0102	5	12	1992	102	20020	141	35.3	female	ripe	NA
1992.0103	5	12	1992	103	20020	156	52.9	female	ripe	NA
1992.0104	5	12	1992	104	20020	154	55.4	female	ripe	NA
1992.0105	5	11	1992	105	120120	156	45.1	female	ripe	NA
1992.0106	5	11	1992	106	120120	142	37.8	female	ripe	NA
1992.0107	5	11	1992	107	120120	145	35.9	female	ripe	NA
1992.0108	5	11	1992	108	120120	164	51.4	female	ripe	NA
1992.0109	5	11	1992	109	120120	172	62.4	female	ripe	NA
1992.011	5	11	1992	110	120120	174	54.9	female	ripe	NA
1992.0111	5	12	1992	111	100080	141	38.5	female	ripe	NA
1992.0112	5	12	1992	112	100080	142	34.2	female	ripe	NA
1992.0113	5	12	1992	113	60070	161	50.2	female	ripe	NA
1992.0114	5	11	1992	114	160190	68	4.8	male	immature	NA
1992.0115	5	12	1992	115	80020	69	5.2	female	ripe	NA
1992.0116	5	12	1992	116	80020	66	4.4	female	ripe	NA
1992.0117	5	12	1992	117	80020	68	4.3	female	ripe	NA
1992.0118	5	12	1992	118	70030	58	2.7	female	immature	NA
1992.0119	5	12	1992	119	60060	165	57.3	female	ripe	NA
1992.012	5	12	1992	120	60060	164	61.6	female	ripe	NA
1992.0121	5	11	1992	121	210180	69	4.5	female	ripe	NA
1992.0122	5	12	1992	122	340130	55	2.3	female	immature	NA
1992.0123	5	11	1992	123	340050	58	2.9	male	mature	NA
1992.0124	5	11	1992	124	340050	59	2.8	male	mature	NA
1992.0125	5	11	1992	125	330040	45	1.4	male	unknown	NA
1992.0126	5	12	1992	126	40080	170	74.2	female	ripe	NA
1992.0127	6	1	1992	127	300070	128	26.8	female	ripe	NA
1992.0128	6	1	1992	128	300070	105	17.3	female	ripe	NA
1992.0129	6	2	1992	129	20020	123	26.8	female	ripe	NA
1992.013	6	2	1992	130	20020	124	24.4	female	ripe	NA
1992.0131	6	2	1992	131	100070	146	33.2	female	ripe	NA
1992.0132	6	1	1992	132	350030	103	21.1	female	ripe	NA
1992.0133	6	1	1992	133	350030	108	17.7	female	ripe	NA
1992.0134	6	1	1992	134	350030	135	30.6	female	ripe	NA
1992.0135	6	1	1992	135	340030	118	23.2	female	running	NA
1992.0136	6	1	1992	136	340030	141	39.6	female	ripe	NA
1992.0137	6	1	1992	137	340030	116	21.9	female	ripe	NA
1992.0138	6	2	1992	138	40090	123	22	male	ripe	NA
1992.0139	6	2	1992	139	40090	85	7.8	male	running	NA
1992.014	6	2	1992	140	18006	114	19.7	female	ripe	NA
1992.0141	6	2	1992	141	40010	119	20.2	male	ripe	NA
1992.0142	6	2	1992	142	40010	127	25.3	male	ripe	NA
1992.0143	6	2	1992	143	40010	116	18.5	male	ripe	NA
1992.0144	6	1	1992	144	270110	93	10.8	female	ripe	NA
1992.0145	6	1	1992	145	270110	87	10.2	female	ripe	NA
1992.0146	6	1	1992	146	270110	89	10.5	female	ripe	NA
1992.0147	6	1	1992	147	270110	98	14.1	female	ripe	NA
1992.0148	6	1	1992	148	270110	88	9.3	female	running	NA
1992.0149	6	1	1992	149	270110	95	11	male	nearly.spent	NA
1992.015	6	1	1992	150	270110	95	11.6	female	ripe	NA
1992.0151	6	1	1992	151	270110	102	13.2	female	ripe	NA
1992.0152	6	1	1992	152	270110	94	11	female	ripe	NA
1992.0153	6	1	1992	153	270110	87	9.1	female	ripe	NA
1992.0154	6	1	1992	154	270110	77	6.3	female	ripe	NA
1992.0155	6	1	1992	155	270110	103	15.3	female	ripe	NA
1992.0156	6	1	1992	156	270110	70	4.8	female	immature	NA
1992.0157	6	1	1992	157	270110	68	4.3	female	ripe	NA
1992.0158	6	1	1992	158	230180	135	25.5	male	ripe	NA
1992.0159	6	1	1992	159	230180	73	4.3	female	ripe	NA
1992.016	6	1	1992	160	140140	132	26.1	male	ripe	NA
1992.0161	6	1	1992	161	260130	149	42	male	ripe	NA
1992.0162	6	1	1992	162	230150	142	33.1	female	ripe	NA
1992.0163	6	1	1992	163	230150	137	30.9	female	ripe	NA
1992.0164	6	2	1992	164	60090	71	5.5	female	ripe	NA
1992.0165	6	2	1992	165	60090	142	36.1	female	ripe	NA
1992.0166	6	2	1992	166	60090	79	6.5	female	ripe	NA
1992.0167	6	1	1992	167	150150	139	34.5	female	nearly.spent	NA
1992.0168	6	1	1992	168	50090	173	64.1	female	ripe	NA
1992.0169	6	1	1992	169	50090	151	43.3	female	ripe	NA
1992.017	6	1	1992	170	50090	178	57.4	female	ripe	NA
1992.0171	6	1	1992	171	50090	153	42.3	female	ripe	NA
1992.0172	6	1	1992	172	50090	154	44.1	female	ripe	NA
1992.0173	6	2	1992	173	20004	153	44.7	female	ripe	NA
1992.0174	6	1	1992	174	320070	67	4.2	female	immature	NA
1992.0175	6	1	1992	175	320070	64	3.6	female	immature	NA
1992.0176	6	1	1992	176	320070	62	3	male	immature	NA
1992.0177	6	1	1992	177	320070	45	1	female	immature	NA
1992.0178	6	1	1992	178	320070	41	0.9	unknown	unknown	NA
1992.0179	6	2	1992	179	100090	153	45.1	female	nearly.spent	NA
1992.018	6	1	1992	180	250130	66	3.9	female	ripe	NA
1992.0181	6	16	1992	181	50040	162	47.6	female	nearly.spent	NA
1992.0182	6	16	1992	182	50040	82	8.1	female	nearly.spent	NA
1992.0183	6	16	1992	183	50040	111	19.4	female	nearly.spent	NA
1992.0184	6	16	1992	184	50040	124	24.6	unknown	mature	NA
1992.0185	6	16	1992	185	50040	121	24.9	female	developing	NA
1992.0186	6	15	1992	186	60100	111	16.3	female	developing	NA
1992.0187	6	18	1992	187	250120	98	10.9	female	developing	NA
1992.0188	6	18	1992	188	250120	140	31.2	male	nearly.spent	NA
1992.0189	6	18	1992	189	250120	104	15.3	female	ripe	NA
1992.019	6	18	1992	190	250120	97	10.2	female	developing	NA
1992.0191	6	18	1992	191	250120	152	43.8	female	developing	NA
1992.0192	6	18	1992	192	250120	94	10.8	male	spent	NA
1992.0193	6	18	1992	193	250120	96	12.8	female	developing	NA
1992.0194	6	18	1992	194	250120	95	10	female	ripe	NA
1992.0195	6	18	1992	195	250120	129	25.9	female	nearly.spent	NA
1992.0196	6	18	1992	196	250120	86	8.3	female	ripe	NA
1992.0197	6	18	1992	197	250120	132	23.6	male	ripe	NA
1992.0198	6	18	1992	198	250120	100	12.5	female	ripe	NA
1992.0199	6	18	1992	199	250120	101	13.1	female	ripe	NA
1992.02	6	18	1992	200	250120	132	26.1	female	nearly.spent	NA
1992.0201	6	18	1992	201	250120	72	5.5	male	immature	NA
1992.0202	6	16	1992	202	60060	88	8.6	female	ripe	NA
1992.0203	6	16	1992	203	60060	88	7	male	spent	NA
1992.0204	6	16	1992	204	60060	126	24.5	female	nearly.spent	NA
1992.0205	6	16	1992	205	60060	127	24.8	female	ripe	NA
1992.0206	6	16	1992	206	60060	89	9.7	female	ripe	NA
1992.0207	6	16	1992	207	60060	133	31.3	female	nearly.spent	NA
1992.0208	6	15	1992	208	10010	112	20.4	female	nearly.spent	NA
1992.0209	6	15	1992	209	16010	113	20.1	female	nearly.spent	NA
1992.021	6	15	1992	210	16010	117	25.6	female	nearly.spent	NA
1992.0211	6	15	1992	211	16010	148	41.3	female	nearly.spent	NA
1992.0212	6	15	1992	212	16010	142	35.1	female	nearly.spent	NA
1992.0213	6	15	1992	213	16010	138	34.7	female	nearly.spent	NA
1992.0214	6	15	1992	214	16010	130	29.5	female	spent	NA
1992.0215	6	16	1992	215	110100	105	13.2	female	nearly.spent	NA
1992.0216	6	16	1992	216	110100	143	38.6	female	nearly.spent	NA
1992.0217	6	16	1992	217	110100	167	51.6	female	nearly.spent	NA
1992.0218	6	16	1992	218	110100	100	13.9	male	spent	NA
1992.0219	6	16	1992	219	110100	145	39.5	female	nearly.spent	NA
1992.022	6	16	1992	220	110100	166	66.5	female	nearly.spent	NA
1992.0221	6	18	1992	221	300090	74	5.6	female	immature	NA
1992.0222	6	18	1992	222	300090	77	6	female	nearly.spent	NA
1992.0223	6	18	1992	223	240170	150	30.7	female	developing	NA
1992.0224	6	18	1992	224	240170	161	56	female	running	NA
1992.0225	6	18	1992	225	240170	71	4.4	female	ripe	NA
1992.0226	6	18	1992	226	180170	70	4.9	female	spent	NA
1992.0227	6	16	1992	227	60020	162	59	female	spent	NA
1992.0228	6	16	1992	228	60020	172	57	female	nearly.spent	NA
1992.0229	6	16	1992	229	60020	157	43.3	female	running	NA
1992.023	6	16	1992	230	60020	152	45.1	female	nearly.spent	NA
1992.0231	6	15	1992	231	18007	153	43.4	male	nearly.spent	NA
1992.0232	6	18	1992	232	260100	68	4.6	male	spent	NA
1992.0233	6	18	1992	233	260100	68	4.3	female	spent	NA
1992.0234	6	18	1992	234	260100	65	4	female	spent	NA
1992.0235	6	18	1992	235	260100	69	5	female	ripe	NA
1992.0236	6	18	1992	236	270030	63	4	male	ripe	NA
1992.0237	6	29	1992	237	220180	77	5.5	male	spent	NA
1992.0238	6	29	1992	238	220180	100	10.7	male	spent	NA
1992.0239	6	29	1992	239	220180	79	5.8	male	spent	NA
1992.024	6	29	1992	240	220180	107	12.5	male	running	NA
1992.0241	6	29	1992	241	220180	99	10.6	male	running	NA
1992.0242	6	29	1992	242	220180	131	21.9	female	running	NA
1992.0243	6	29	1992	243	340040	95	10.4	female	spent	NA
1992.0244	6	29	1992	244	340040	84	7.4	female	spent	NA
1992.0245	6	29	1992	245	340040	116	17.8	male	running	NA
1992.0246	6	29	1992	246	340040	112	17.3	female	nearly.spent	NA
1992.0247	6	29	1992	247	340040	108	16.3	female	nearly.spent	NA
1992.0248	6	29	1992	248	340040	103	11.4	male	nearly.spent	NA
1992.0249	6	29	1992	249	340040	101	13.6	male	spent	NA
1992.025	6	29	1992	250	360040	87	9.1	male	spent	NA
1992.0251	6	29	1992	251	360040	115	19.4	male	spent	NA
1992.0252	6	29	1992	252	360040	81	6.4	male	spent	NA
1992.0253	6	29	1992	253	360040	117	21.8	male	running	NA
1992.0254	6	29	1992	254	360040	77	6.4	male	nearly.spent	NA
1992.0255	6	29	1992	255	330060	113	17.1	female	nearly.spent	NA
1992.0256	6	29	1992	256	330060	134	25.8	male	nearly.spent	NA
1992.0257	6	29	1992	257	330060	144	35.6	female	running	NA
1992.0258	6	29	1992	258	330060	125	19.5	female	running	NA
1992.0259	6	29	1992	259	330060	156	50.6	female	running	NA
1992.026	6	29	1992	260	330060	159	46.4	female	ripe	NA
1992.0261	6	29	1992	261	220170	77	5.2	female	spent	NA
1992.0262	6	29	1992	262	220170	90	7.2	male	spent	NA
1992.0263	6	29	1992	263	220170	89	7.3	male	nearly.spent	NA
1992.0264	6	29	1992	264	220170	91	10.3	female	ripe	NA
1992.0265	6	29	1992	265	220170	81	6.3	female	spent	NA
1992.0266	6	29	1992	266	220170	93	9.1	male	nearly.spent	NA
1992.0267	6	29	1992	267	220170	75	4.5	female	spent	NA
1992.0268	6	29	1992	268	230190	129	24.6	female	nearly.spent	NA
1992.0269	6	29	1992	269	230190	124	18.5	female	running	NA
1992.027	6	29	1992	270	230190	125	20.5	female	running	NA
1992.0271	6	29	1992	271	230190	129	24	female	nearly.spent	NA
1992.0272	6	29	1992	272	230190	132	27.8	male	nearly.spent	NA
1992.0273	6	29	1992	273	260130	132	21.6	male	nearly.spent	NA
1992.0274	6	29	1992	274	270090	141	38	female	nearly.spent	NA
1992.0275	6	29	1992	275	270090	135	31.2	female	nearly.spent	NA
1992.0276	6	29	1992	276	270090	155	44.7	female	nearly.spent	NA
1992.0277	6	11	1992	277	120120	167	50.4	female	running	NA
1992.0278	6	11	1992	278	120120	175	54.9	female	running	NA
1992.0279	6	11	1992	279	60070	174	55.6	female	nearly.spent	NA
1992.028	6	11	1992	280	60070	180	55.1	female	running	NA
1992.0281	7	7	1992	281	320050	143	35.6	female	spent	NA
1992.0282	7	8	1992	282	60020	156	48.5	female	spent	NA
1992.0283	7	8	1992	283	60020	147	39.4	female	spent	NA
1992.0284	7	8	1992	284	60010	167	57.5	female	spent	NA
1992.0285	7	8	1992	285	60010	154	44.5	female	spent	NA
1992.0286	7	8	1992	286	60010	160	57.2	female	spent	NA
1992.0287	7	8	1992	287	60010	170	62.7	female	nearly.spent	NA
1992.0288	7	8	1992	288	60010	147	70	female	spent	NA
1992.0289	7	8	1992	289	70010	39	0.8	unknown	yoy	NA
1992.029	7	8	1992	290	70010	40	1	unknown	yoy	NA
1992.0291	7	8	1992	291	70010	36	0.7	unknown	yoy	NA
1992.0292	7	8	1992	292	70010	36	0.8	unknown	yoy	NA
1992.0293	7	8	1992	293	70010	32	0.6	unknown	yoy	NA
1992.0294	7	8	1992	294	70010	41	0.9	unknown	yoy	NA
1992.0295	7	8	1992	295	70010	34	0.7	unknown	yoy	NA
1992.0296	7	8	1992	296	70010	26	0.3	unknown	yoy	NA
1992.0297	7	8	1992	297	17011	22	0.1	unknown	yoy	NA
1992.0298	7	8	1992	298	17011	23	0.2	unknown	yoy	NA
1992.0299	7	8	1992	299	17011	29	0.3	unknown	yoy	NA
1992.03	7	8	1992	300	17011	28	0.3	unknown	yoy	NA
1992.0301	7	8	1992	301	150150	109	17.7	female	nearly.spent	NA
1992.0302	7	8	1992	302	60040	19	0.1	unknown	yoy	NA
1992.0303	7	6	1992	303	80090	169	57.2	female	nearly.spent	NA
1992.0304	7	6	1992	304	80090	180	63.3	female	nearly.spent	NA
1992.0305	7	8	1992	305	10040	40	0.9	unknown	yoy	NA
1992.0306	7	8	1992	306	10040	40	0.8	unknown	yoy	NA
1992.0307	7	8	1992	307	10040	19	0.1	unknown	yoy	NA
1992.0308	7	7	1992	308	320060	138	32.2	male	nearly.spent	NA
1992.0309	7	7	1992	309	320060	19	0.1	unknown	yoy	NA
1992.031	7	7	1992	310	310040	163	48.8	female	spent	NA
1992.0311	7	7	1992	311	310040	18	0.1	unknown	yoy	NA
1992.0312	7	7	1992	312	320060	192	93.1	female	nearly.spent	NA
1992.0313	7	7	1992	313	320060	16	0.1	unknown	yoy	NA
1992.0314	7	14	1992	314	150150	128	27.5	female	nearly.spent	NA
1992.0315	7	14	1992	315	150150	149	35.9	female	spent	NA
1992.0316	7	14	1992	316	150150	122	24.7	male	spent	NA
1992.0317	7	14	1992	317	150150	133	30.4	female	spent	NA
1992.0318	7	14	1992	318	150150	117	21.8	female	spent	NA
1992.0319	7	14	1992	319	150150	110	19	female	spent	NA
1992.032	7	14	1992	320	150150	119	17.9	female	spent	NA
1992.0321	7	14	1992	321	150150	115	22.7	female	spent	NA
1992.0322	7	14	1992	322	150150	122	21.8	male	spent	NA
1992.0323	7	14	1992	323	150150	127	21.5	male	spent	NA
1992.0324	7	14	1992	324	150150	113	19.4	female	spent	NA
1992.0325	7	14	1992	325	150150	98	11.1	female	spent	NA
1992.0326	7	14	1992	326	150150	100	12.6	male	spent	NA
1992.0327	7	14	1992	327	150150	103	16.2	male	spent	NA
1992.0328	7	14	1992	328	150150	120	23.1	male	spent	NA
1992.0329	7	14	1992	329	150150	90	12.4	female	spent	NA
1992.033	7	14	1992	330	150150	106	16.5	female	spent	NA
1992.0331	7	14	1992	331	150150	130	27.4	female	nearly.spent	NA
1992.0332	7	14	1992	332	150150	94	12.6	female	spent	NA
1992.0333	7	14	1992	333	150150	100	14.1	female	spent	NA
1992.0334	7	14	1992	334	150150	106	15.3	female	spent	NA
1992.0335	7	14	1992	335	150150	130	27.1	female	spent	NA
1992.0336	7	14	1992	336	150150	97	9.1	female	spent	NA
1992.0337	7	14	1992	337	150150	95	12.5	female	spent	NA
1992.0338	7	14	1992	338	150150	29	0.3	unknown	yoy	NA
1992.0339	7	14	1992	339	150150	23	0.2	unknown	yoy	NA
1992.034	7	14	1992	340	150150	26	0.2	unknown	yoy	NA
1992.0341	7	14	1992	341	160190	134	36.7	female	spent	NA
1992.0342	7	14	1992	342	160190	135	33.2	female	spent	NA
1992.0343	7	14	1992	343	160190	150	40.7	female	spent	NA
1992.0344	7	14	1992	344	160190	151	47.7	female	spent	NA
1992.0345	7	14	1992	345	160190	143	42.5	female	spent	NA
1992.0346	7	14	1992	346	160190	147	36.2	female	spent	NA
1992.0347	7	14	1992	347	160190	141	36.1	female	spent	NA
1992.0348	7	14	1992	348	160190	28	0.4	unknown	yoy	NA
1992.0349	7	14	1992	349	160190	23	0.2	unknown	yoy	NA
1992.035	7	15	1992	350	22003	174	57.8	female	spent	NA
1992.0351	7	13	1992	351	270110	74	5.4	unknown	unknown	NA
1992.0352	7	13	1992	352	270110	78	6.2	unknown	unknown	NA
1992.0353	7	13	1992	353	270110	75	5.6	unknown	unknown	NA
1992.0354	7	13	1992	354	270110	73	5.6	female	developing	NA
1992.0355	7	13	1992	355	270110	71	4.9	unknown	unknown	NA
1992.0356	7	13	1992	356	350040	104	14.6	female	nearly.spent	NA
1992.0357	7	13	1992	357	190170	147	36.7	female	spent	NA
1992.0358	7	13	1992	358	350020	145	40.2	male	nearly.spent	NA
1992.0359	7	28	1992	359	160190	15	0.1	unknown	yoy	NA
1992.036	7	27	1992	360	300070	17	0.1	unknown	yoy	NA
1992.0361	7	27	1992	361	300070	18	0.1	unknown	yoy	NA
1992.0362	7	28	1992	362	180150	143	36.2	male	spent	NA
1992.0363	7	15	1992	363	22003	152	50.7	female	spent	NA
1992.0364	7	15	1992	364	22003	141	39.1	female	spent	NA
1992.0365	7	15	1992	365	22003	155	47.1	female	spent	NA
1992.0366	7	14	1992	366	120150	155	45.6	female	spent	NA
1992.0367	7	14	1992	367	120150	86	9.2	female	spent	NA
1992.0368	7	14	1992	368	100100	87	9.3	female	spent	NA
1992.0369	7	14	1992	369	100100	38	0.9	unknown	yoy	NA
1992.037	7	14	1992	370	100100	31	0.4	unknown	yoy	NA
1992.0371	7	14	1992	371	100100	40	1	unknown	yoy	NA
1992.0372	7	14	1992	372	100100	38	0.6	unknown	yoy	NA
1992.0373	7	14	1992	373	100100	32	0.6	unknown	yoy	NA
1992.0374	7	14	1992	374	100100	44	1.3	unknown	yoy	NA
1992.0375	7	14	1992	375	100100	40	1.1	unknown	yoy	NA
1992.0376	7	14	1992	376	100100	30	0.5	unknown	yoy	NA
1992.0377	7	14	1992	377	100100	50	1.6	unknown	yoy	NA
1992.0378	7	14	1992	378	100100	40	0.8	unknown	yoy	NA
1992.0379	7	15	1992	379	19005	45	1.5	unknown	yoy	NA
1992.038	7	15	1992	380	10	81	8.4	female	spent	NA
1992.0381	7	15	1992	381	60050	177	68.2	female	spent	NA
1992.0382	7	15	1992	382	70080	89	9.9	female	unknown	NA
1992.0383	7	15	1992	383	70080	88	10.1	male	unknown	NA
1992.0384	7	29	1992	384	30030	131	32.5	female	recovering	NA
1992.0385	7	29	1992	385	30030	125	27.7	female	spent	NA
1992.0386	7	29	1992	386	30030	125	26.2	female	spent	NA
1992.0387	7	29	1992	387	30030	107	16.6	male	spent	NA
1992.0388	7	29	1992	388	30030	35	0.7	unknown	yoy	NA
1992.0389	7	29	1992	389	30030	30	0.5	unknown	yoy	NA
1992.039	7	29	1992	390	30030	35	0.8	unknown	yoy	NA
1992.0391	7	29	1992	391	30030	37	0.8	unknown	yoy	NA
1992.0392	7	29	1992	392	30030	30	0.3	unknown	yoy	NA
1992.0393	7	27	1992	393	270100	144	36.6	female	spent	NA
1992.0394	7	27	1992	394	270100	112	26.2	female	spent	NA
1992.0395	7	27	1992	395	270100	145	35.7	female	spent	NA
1992.0396	7	27	1992	396	270100	132	27.5	female	spent	NA
1992.0397	7	27	1992	397	270100	137	30.2	male	spent	NA
1992.0398	7	27	1992	398	270100	140	38.8	female	recovering	NA
1992.0399	7	27	1992	399	270100	120	24.1	female	spent	NA
1992.04	7	27	1992	400	270100	121	22.2	female	spent	NA
1992.0401	7	27	1992	401	270100	115	22.2	female	spent	NA
1992.0402	7	27	1992	402	270100	106	15.3	female	recovering	NA
1992.0403	7	27	1992	403	270100	98	13.1	male	spent	NA
1992.0404	7	27	1992	404	270100	125	24	female	spent	NA
1992.0405	7	27	1992	405	270100	92	10.2	male	spent	NA
1992.0406	7	27	1992	406	270100	90	11	female	spent	NA
1992.0407	7	27	1992	407	270100	22	0.1	unknown	yoy	NA
1992.0408	7	27	1992	408	270100	25	0.2	unknown	yoy	NA
1992.0409	7	27	1992	409	270100	24	0.2	unknown	yoy	NA
1992.041	7	27	1992	410	270100	26	0.3	unknown	yoy	NA
1992.0411	7	27	1992	411	270100	20	0.1	unknown	yoy	NA
1992.0412	7	29	1992	412	70040	131	34.2	female	spent	NA
1992.0413	7	29	1992	413	70040	110	17.9	female	spent	NA
1992.0414	7	29	1992	414	70040	142	37.8	female	spent	NA
1992.0415	7	29	1992	415	70040	119	23.2	female	recovering	NA
1992.0416	7	29	1992	416	70040	108	17.8	female	spent	NA
1992.0417	7	29	1992	417	70040	115	21.4	male	spent	NA
1992.0418	7	29	1992	418	70040	130	30.6	female	recovering	NA
1992.0419	7	29	1992	419	70040	95	12.3	female	spent	NA
1992.042	7	29	1992	420	70040	96	12.2	male	spent	NA
1992.0421	7	29	1992	421	70040	87	10.2	male	nearly.spent	NA
1992.0422	7	29	1992	422	70040	100	13.7	female	spent	NA
1992.0423	7	29	1992	423	70040	102	13.4	female	recovering	NA
1992.0424	7	29	1992	424	70040	46	1.8	unknown	yoy	NA
1992.0425	7	29	1992	425	70040	46	1.6	unknown	yoy	NA
1992.0426	7	29	1992	426	70040	42	1.3	unknown	yoy	NA
1992.0427	7	29	1992	427	70040	40	1	unknown	yoy	NA
1992.0428	7	29	1992	428	70040	40	1	unknown	yoy	NA
1992.0429	7	29	1992	429	60070	169	61.9	female	recovering	NA
1992.043	7	29	1992	430	60070	148	42.1	female	spent	NA
1992.0431	7	29	1992	431	60070	155	46.6	female	recovering	NA
1992.0432	7	29	1992	432	60070	150	48.2	female	recovering	NA
1992.0433	7	29	1992	433	60070	159	61.3	female	recovering	NA
1992.0434	7	29	1992	434	40080	139	50.6	male	nearly.spent	NA
1992.0435	7	29	1992	435	40080	141	34.9	male	spent	NA
1992.0436	7	29	1992	436	40080	154	45.4	female	recovering	NA
1992.0437	7	29	1992	437	40080	165	59.8	female	nearly.spent	NA
1992.0438	7	29	1992	438	40080	56	2.4	unknown	yoy	NA
1992.0439	7	29	1992	439	20020	151	49.3	female	spent	NA
1992.044	7	29	1992	440	20020	84	9.3	female	recovering	NA
1992.0441	7	28	1992	441	70100	85	10.7	female	spent	NA
1992.0442	7	28	1992	442	70100	78	7	unknown	unknown	NA
1992.0443	7	28	1992	443	70100	89	10.2	female	spent	NA
1992.0444	7	28	1992	444	70100	89	9.9	female	spent	NA
1992.0445	7	28	1992	445	70100	76	6.8	male	spent	NA
1992.0446	7	28	1992	446	70100	52	2.2	unknown	yoy	NA
1992.0447	7	28	1992	447	70100	53	2.2	unknown	yoy	NA
1992.0448	7	28	1992	448	70100	79	7.5	female	spent	NA
1992.0449	7	28	1992	449	70100	52	2.3	unknown	yoy	NA
1992.045	7	29	1992	450	10050	166	64	female	spent	NA
1992.0451	7	29	1992	451	50030	180	72.6	female	spent	NA
1992.0452	7	29	1992	452	30020	50	1.8	unknown	yoy	NA
1992.0453	7	28	1992	453	170160	16	0.1	unknown	yoy	NA
1992.0454	7	28	1992	454	170160	18	0.1	unknown	yoy	NA
1992.0456	7	26	1992	456	270090	75	6.6	female	developing	NA
1992.0457	7	26	1992	457	270090	79	6.5	female	spent	NA
1992.0458	7	26	1992	458	270090	69	4.5	female	developing	NA
1992.0459	7	29	1992	459	50030	160	61.2	female	spent	NA
1992.046	7	29	1992	460	50030	173	74.1	female	spent	NA
1992.0461	7	29	1992	461	50030	167	65.8	female	spent	NA
1992.0462	7	26	1992	462	360020	13	0.1	unknown	yoy	NA
1992.0463	8	10	1992	463	240130	83	7.2	unknown	unknown	NA
1992.0464	8	10	1992	464	240130	78	5.9	female	recovering	NA
1992.0465	8	10	1992	465	240130	85	7.7	female	spent	NA
1992.0466	8	10	1992	466	240130	82	7	male	spent	NA
1992.0467	8	10	1992	467	240130	81	7.1	male	spent	NA
1992.0468	8	10	1992	468	240130	79	6.7	male	spent	NA
1992.0469	8	10	1992	469	240130	45	1.2	unknown	yoy	NA
1992.047	8	10	1992	470	240130	38	0.7	unknown	yoy	NA
1992.0471	8	10	1992	471	240130	47	1.6	unknown	yoy	NA
1992.0472	8	10	1992	472	240130	43	1.3	unknown	yoy	NA
1992.0473	8	10	1992	473	240130	38	0.9	unknown	yoy	NA
1992.0474	8	10	1992	474	240130	40	0.9	unknown	yoy	NA
1992.0475	8	10	1992	475	220180	95	9.9	female	recovering	NA
1992.0476	8	10	1992	476	220180	77	5.7	male	recovering	NA
1992.0477	8	10	1992	477	220180	86	9.1	male	recovering	NA
1992.0478	8	10	1992	478	220180	78	6.5	male	spent	NA
1992.0479	8	10	1992	479	220180	79	6.7	female	recovering	NA
1992.048	8	10	1992	480	220180	25	0.1	unknown	yoy	NA
1992.0481	8	10	1992	481	220180	39	0.9	unknown	yoy	NA
1992.0482	8	10	1992	482	220180	51	1.6	unknown	yoy	NA
1992.0483	8	10	1992	483	220180	35	0.9	unknown	yoy	NA
1992.0484	8	10	1992	484	220180	48	1.6	unknown	yoy	NA
1992.0485	8	10	1992	485	220180	36	0.6	unknown	yoy	NA
1992.0486	8	11	1992	486	170190	135	32.7	female	spent	NA
1992.0487	8	11	1992	487	170190	110	18.2	female	spent	NA
1992.0488	8	11	1992	488	170190	94	13.2	female	spent	NA
1992.0489	8	11	1992	489	170190	104	16.3	female	recovering	NA
1992.049	8	11	1992	490	170190	99	12	male	recovering	NA
1992.0491	8	11	1992	491	170190	94	13	male	recovering	NA
1992.0492	8	11	1992	492	170190	94	14.4	female	recovering	NA
1992.0493	8	11	1992	493	170190	125	28.2	female	spent	NA
1992.0494	8	11	1992	494	170190	110	18.5	male	recovering	NA
1992.0495	8	11	1992	495	170190	127	29.4	female	recovering	NA
1992.0496	8	11	1992	496	170190	129	29.4	female	recovering	NA
1992.0497	8	11	1992	497	170190	109	16.5	male	recovering	NA
1992.0498	8	11	1992	498	170190	120	22.6	female	recovering	NA
1992.0499	8	11	1992	499	170190	125	28	male	spent	NA
1992.05	8	11	1992	500	170190	104	16.3	female	spent	NA
1992.0501	8	11	1992	501	170190	115	23.6	female	recovering	NA
1992.0502	8	11	1992	502	170190	113	20.1	female	recovering	NA
1992.0503	8	11	1992	503	170190	108	19.1	female	recovering	NA
1992.0504	8	11	1992	504	170190	116	19.8	male	recovering	NA
1992.0505	8	11	1992	505	170190	103	17.3	female	recovering	NA
1992.0506	8	11	1992	506	170190	138	29	female	spent	NA
1992.0507	8	11	1992	507	170190	132	30.4	female	spent	NA
1992.0508	8	11	1992	508	170190	20	0.2	unknown	yoy	NA
1992.0509	8	11	1992	509	170190	137	40.3	male	recovering	NA
1992.051	8	11	1992	510	170190	24	0.1	unknown	yoy	NA
1992.0511	8	11	1992	511	170190	52	2.2	unknown	yoy	NA
1992.0512	8	10	1992	512	190220	133	29.4	male	spent	NA
1992.0512	8	11	1992	512	170180	141	40.7	female	spent	NA
1992.0513	8	11	1992	513	100130	110	16.5	male	recovering	NA
1992.0514	8	11	1992	514	100130	53	2	unknown	yoy	NA
1992.0515	8	11	1992	515	100130	27	0.2	unknown	yoy	NA
1992.0516	8	11	1992	516	100130	51	1.9	unknown	yoy	NA
1992.0517	8	11	1992	517	100130	50	1.9	unknown	yoy	NA
1992.0518	8	11	1992	518	100130	60	2.6	unknown	yoy	NA
1992.0519	8	10	1992	519	180160	140	34.5	female	spent	NA
1992.052	8	10	1992	520	180160	29	0.1	unknown	yoy	NA
1992.0521	8	11	1992	521	120130	153	37.6	female	nearly.spent	NA
1992.0522	8	11	1992	522	120130	152	42.6	male	spent	NA
1992.0523	8	11	1992	523	120130	117	21.3	male	recovering	NA
1992.0524	8	11	1992	524	70020	146	37.1	female	recovering	NA
1992.0525	8	11	1992	525	70020	140	32.3	female	recovering	NA
1992.0526	8	10	1992	526	170160	14	0.1	unknown	yoy	NA
1992.0527	8	11	1992	527	90110	19	0.1	unknown	yoy	NA
1992.0528	8	11	1992	528	90110	140	27.3	female	spent	NA
1992.0529	8	12	1992	529	10060	60	2.9	male	developing	NA
1992.053	8	12	1992	530	9009	18	0.1	unknown	yoy	NA
1992.0531	8	12	1992	531	9009	60	2.7	unknown	yoy	NA
1992.0532	8	12	1992	532	30040	61	3.3	unknown	yoy	NA
1992.0533	8	12	1992	533	30040	61	2.6	unknown	yoy	NA
1992.0534	9	4	1992	534	120070	118	19.8	male	developing	NA
1992.0535	9	4	1992	535	120070	135	31.9	female	developing	NA
1992.0536	9	4	1992	536	120070	56	2.3	male	developing	NA
1992.0537	9	4	1992	537	120070	51	1.9	female	immature	NA
1992.0538	9	1	1992	538	320070	138	34	female	developing	NA
1992.0539	9	1	1992	539	320070	112	20.8	male	developing	NA
1992.054	9	1	1992	540	320070	127	26.6	female	developing	NA
1992.0541	9	1	1992	541	320070	125	28.6	female	developing	NA
1992.0542	9	1	1992	542	320070	115	19.7	male	developing	NA
1992.0543	9	1	1992	543	320070	107	17	male	developing	NA
1992.0544	9	1	1992	544	320070	115	17	female	developing	NA
1992.0545	9	1	1992	545	320070	94	10.5	female	developing	NA
1992.0546	9	1	1992	546	320070	97	11.8	male	nearly.ripe	NA
1992.0547	9	1	1992	547	320070	101	13.5	male	developing	NA
1992.0548	9	1	1992	548	320070	109	16.6	female	developing	NA
1992.0549	9	1	1992	549	320070	131	28.1	female	developing	NA
1992.055	9	1	1992	550	320070	103	15	male	developing	NA
1992.0551	9	1	1992	551	320070	109	13.2	male	developing	NA
1992.0552	9	1	1992	552	350040	112	19.3	male	developing	NA
1992.0553	9	1	1992	553	350040	137	36.3	female	developing	NA
1992.0554	9	1	1992	554	350040	133	37.3	female	developing	NA
1992.0555	9	1	1992	555	350040	143	42.1	male	developing	NA
1992.0556	9	1	1992	556	350040	126	22	male	developing	NA
1992.0557	9	1	1992	557	350040	153	50.5	female	developing	NA
1992.0558	9	1	1992	558	350040	121	25.5	male	developing	NA
1992.0559	9	1	1992	559	350040	158	61.6	female	developing	NA
1992.056	9	1	1992	560	350040	60	2.4	male	developing	NA
1992.0561	9	1	1992	561	350040	142	44.2	female	developing	NA
1992.0562	9	1	1992	562	350040	127	28.2	female	developing	NA
1992.0563	9	1	1992	563	350040	92	9.2	male	developing	NA
1992.0564	9	1	1992	564	350040	97	11.6	male	developing	NA
1992.0565	9	2	1992	565	18009	146	39.4	female	developing	NA
1992.0566	9	2	1992	566	18009	170	56.6	female	developing	NA
1992.0567	9	2	1992	567	18009	140	33.5	female	developing	NA
1992.0568	9	2	1992	568	18009	145	38.2	female	developing	NA
1992.0569	9	2	1992	569	18009	160	53.7	female	developing	NA
1992.057	9	1	1992	570	230150	99	12.5	female	developing	NA
1992.0571	9	1	1992	571	230150	86	8.6	female	developing	NA
1992.0572	9	1	1992	572	230150	85	7.9	male	developing	NA
1992.0573	9	1	1992	573	230150	88	9.7	male	unknown	NA
1992.0574	9	1	1992	574	230150	88	9.8	male	developing	NA
1992.0575	9	1	1992	575	230150	89	9.1	female	developing	NA
1992.0576	9	4	1992	576	100030	68	3.3	female	developing	NA
1992.0577	9	1	1992	577	340040	150	30.8	male	developing	NA
1992.0578	9	1	1992	578	340040	154	47.5	female	developing	NA
1992.0579	9	1	1992	579	340040	59	2.8	male	developing	NA
1992.058	9	1	1992	580	340040	55	2.1	unknown	unknown	NA
1992.0581	9	4	1992	581	110100	65	3.8	male	developing	NA
1992.0582	9	4	1992	582	110100	67	3.9	female	developing	NA
1992.0583	9	4	1992	583	70100	36	0.3	unknown	unknown	NA
1992.0584	9	1	1992	584	220190	60	2.8	female	developing	NA
1992.0585	9	2	1992	585	30040	155	39.9	female	developing	NA
1992.0586	9	2	1992	586	30040	55	2.4	female	developing	NA
1992.0587	9	2	1992	587	30040	70	4.9	male	developing	NA
1992.0588	9	1	1992	588	310080	30	0.4	unknown	yoy	NA
1992.0589	9	2	1992	589	150150	75	4.5	male	developing	NA
1992.059	9	3	1992	590	70010	36	0.8	unknown	yoy	NA
1992.0591	9	1	1992	591	260090	35	0.5	unknown	yoy	NA
1992.0592	9	1	1992	592	260090	32	0.4	unknown	yoy	NA
1992.0593	9	2	1992	593	30020	169	55.4	female	developing	NA
1992.0594	9	23	1992	594	340030	111	16.8	female	developing	NA
1992.0595	9	23	1992	595	340030	120	21.5	female	developing	NA
1992.0596	9	23	1992	596	340030	65	3.3	female	developing	NA
1992.0597	9	23	1992	597	340030	61	2.5	male	developing	NA
1992.0598	9	23	1992	598	340030	66	1.8	female	developing	NA
1992.0599	9	23	1992	599	340030	52	2	female	developing	NA
1992.06	9	23	1992	600	340030	53	1.7	unknown	unknown	NA
1992.0601	9	23	1992	601	340030	64	3.5	male	developing	NA
1992.0602	9	23	1992	602	340030	59	2.7	female	developing	NA
1992.0603	9	23	1992	603	340030	45	1	unknown	unknown	NA
1992.0604	9	23	1992	604	340030	42	1	unknown	unknown	NA
1992.0605	9	23	1992	605	340030	34	0.5	unknown	unknown	NA
1992.0606	9	23	1992	606	340030	30	0.3	unknown	unknown	NA
1992.0607	9	23	1992	607	300090	130	26.5	female	developing	NA
1992.0608	9	23	1992	608	340060	47	0.9	unknown	unknown	NA
1992.0609	9	23	1992	609	340060	33	0.4	unknown	unknown	NA
1992.061	9	22	1992	610	110080	133	27	male	developing	NA
1992.0611	9	22	1992	611	110080	69	3.8	female	developing	NA
1992.0612	9	23	1992	612	290080	84	6.5	male	nearly.ripe	NA
1992.0613	9	23	1992	613	290080	43	0.8	unknown	unknown	NA
1992.0614	9	23	1992	614	290080	32	0.3	unknown	unknown	NA
1992.0615	9	21	1992	615	20004	132	30.8	female	developing	NA
1992.0616	9	21	1992	616	20004	124	24	female	developing	NA
1992.0617	9	21	1992	617	20004	140	36.5	female	developing	NA
1992.0618	9	21	1992	618	20004	133	34.8	female	developing	NA
1992.0619	9	21	1992	619	20004	128	22.2	female	developing	NA
1992.062	9	21	1992	620	20004	125	24	female	developing	NA
1992.0621	9	21	1992	621	20004	105	13.9	male	developing	NA
1992.0622	9	21	1992	622	20004	74	4.2	female	developing	NA
1992.0623	9	21	1992	623	2004	71	4.4	female	developing	NA
1992.0624	9	21	1992	624	20004	72	4.9	female	developing	NA
1992.0625	9	21	1992	625	20004	70	4.5	male	nearly.ripe	NA
1992.0626	9	21	1992	626	20004	75	4.8	male	nearly.ripe	NA
1992.0627	9	23	1992	627	230130	127	24.1	male	nearly.ripe	NA
1992.0628	9	23	1992	628	230130	136	30.9	female	developing	NA
1992.0629	9	23	1992	629	230130	114	21.9	female	developing	NA
1992.063	9	23	1992	630	230130	111	18.5	female	developing	NA
1992.0631	9	23	1992	631	230130	113	20.5	male	nearly.ripe	NA
1992.0632	9	23	1992	632	230130	96	12.9	female	developing	NA
1992.0633	9	23	1992	633	230130	110	19	female	developing	NA
1992.0634	9	23	1992	634	230130	99	13.3	female	developing	NA
1992.0635	9	23	1992	635	230130	92	10.3	male	nearly.ripe	NA
1992.0636	9	23	1992	636	230130	94	11.7	female	developing	NA
1992.0637	9	23	1992	637	230130	103	13.2	female	developing	NA
1992.0638	9	23	1992	638	230130	99	11.7	male	nearly.ripe	NA
1992.0639	9	23	1992	639	230130	85	9.1	female	developing	NA
1992.064	9	23	1992	640	230130	100	13.7	male	running	NA
1992.0641	9	23	1992	641	230130	109	17.2	female	developing	NA
1992.0642	9	23	1992	642	230130	107	14.5	female	developing	NA
1992.0643	9	23	1992	643	230130	45	1.2	unknown	unknown	NA
1992.0644	9	23	1992	644	230130	35	0.6	unknown	unknown	NA
1992.0645	9	22	1992	645	110140	142	32.6	female	developing	NA
1992.0646	9	22	1992	646	110140	146	38.5	male	nearly.ripe	NA
1992.0647	9	22	1992	647	110140	56	2	unknown	unknown	NA
1992.0648	9	22	1992	648	110140	25	0.1	unknown	yoy	NA
1992.0649	9	21	1992	649	70060	59	2.6	female	immature	NA
1992.065	9	23	1992	650	240130	87	9	female	immature	NA
1992.0651	9	23	1992	651	240130	89	8.9	female	developing	NA
1992.0652	9	22	1992	652	10060	145	37	female	developing	NA
1992.0653	9	22	1992	653	10060	154	44.3	female	developing	NA
1992.0654	9	22	1992	654	10060	145	39.1	male	developing	NA
1992.0655	9	22	1992	655	10060	153	46.3	female	developing	NA
1992.0656	9	22	1992	656	10060	152	51.2	female	developing	NA
1992.0657	9	22	1992	657	10060	161	48.1	female	developing	NA
1992.0658	9	22	1992	658	10060	155	41	male	nearly.ripe	NA
1992.0659	10	14	1992	659	90100	66	3.6	female	immature	NA
1992.066	10	14	1992	660	90100	108	13.3	female	developing	NA
1992.0661	10	14	1992	661	90100	88	9.9	male	running	NA
1992.0662	10	14	1992	662	90100	96	12.9	male	nearly.ripe	NA
1992.0663	10	14	1992	663	90100	47	1.4	female	immature	NA
1992.0664	10	14	1992	664	90100	62	3.5	female	immature	NA
1992.0665	10	14	1992	665	90100	71	4.8	female	mature	NA
1992.0666	10	14	1992	666	90100	67	3.5	female	immature	NA
1992.0667	10	14	1992	667	90100	65	3.9	male	running	NA
1992.0668	10	14	1992	668	90100	65	3.7	male	running	NA
1992.0669	10	15	1992	669	50070	80	6.1	male	running	NA
1992.067	10	15	1992	670	50070	73	5.2	female	developing	NA
1992.0671	10	15	1992	671	50070	73	4	female	immature	NA
1992.0672	10	15	1992	672	18008	56	1.9	unknown	unknown	NA
1992.0673	10	15	1992	673	80080	147	35.8	male	running	NA
1992.0674	10	15	1992	674	20040	175	58.3	female	mature	NA
1992.0675	10	16	1992	675	110070	95	10.9	male	running	NA
1992.0676	10	16	1992	676	110070	96	11.7	male	running	NA
1992.0677	10	16	1992	677	110070	59	3	female	immature	NA
1992.0678	10	16	1992	678	110070	57	2.3	female	immature	NA
1992.0679	10	16	1992	679	110070	53	2	female	immature	NA
1992.068	10	14	1992	680	170200	86	10.7	male	running	NA
1992.0681	10	14	1992	681	170200	142	36.3	male	running	NA
1992.0682	10	14	1992	682	170200	80	6.4	female	developing	NA
1992.0683	10	14	1992	683	170200	80	6.5	female	developing	NA
1992.0684	10	14	1992	684	90100	122	25.6	male	nearly.ripe	NA
1992.0685	10	14	1992	685	90100	136	34.7	female	developing	NA
1992.0686	10	14	1992	686	90100	136	32.1	female	developing	NA
1992.0687	10	14	1992	687	90100	120	23	male	nearly.ripe	NA
1992.0688	10	14	1992	688	90100	127	26	male	nearly.ripe	NA
1992.0689	10	14	1992	689	90100	115	21.8	female	developing	NA
1992.069	10	14	1992	690	90100	131	30.9	female	developing	NA
1992.0691	10	14	1992	691	90100	144	36.3	female	developing	NA
1992.0692	10	14	1992	692	90100	135	33	female	developing	NA
1992.0693	10	14	1992	693	90100	130	25.6	male	developing	NA
1992.0694	10	14	1992	694	90100	127	29.6	male	nearly.ripe	NA
1992.0695	10	14	1992	695	90100	116	23.1	female	developing	NA
1992.0696	10	14	1992	696	90100	108	17.5	female	developing	NA
1992.0697	10	14	1992	697	90100	71	4.5	male	nearly.ripe	NA
1992.0698	10	14	1992	698	90100	150	39.9	male	nearly.ripe	NA
1992.0699	10	14	1992	699	90100	124	26.1	female	developing	NA
1992.07	10	14	1992	700	160200	117	17	male	nearly.ripe	NA
1992.0701	10	14	1992	701	160200	109	19.6	male	running	NA
1992.0702	10	14	1992	702	160200	109	18.1	female	developing	NA
1992.0703	10	14	1992	703	160200	117	21.1	female	developing	NA
1992.0704	10	14	1992	704	160200	103	14.9	male	nearly.ripe	NA
1992.0705	10	14	1992	705	160200	93	12.8	female	developing	NA
1992.0706	10	14	1992	706	160200	119	23.9	male	nearly.ripe	NA
1992.0707	10	14	1992	707	160200	97	13.2	female	developing	NA
1992.0708	10	14	1992	708	160200	70	5	male	running	NA
1992.0709	10	14	1992	709	170200	140	33.4	female	developing	NA
1992.071	10	14	1992	710	170200	54	2.2	female	immature	NA
1992.0711	10	15	1992	711	60010	145	39.8	female	developing	NA
1992.0712	10	15	1992	712	60010	151	47.5	female	developing	NA
1992.0713	10	15	1992	713	60010	163	51	male	mature	NA
1992.0714	10	14	1992	714	130120	150	39.8	female	nearly.ripe	NA
1992.0715	10	14	1992	715	190170	47	1.1	female	immature	NA
1992.0716	10	14	1992	716	190170	45	1.2	unknown	unknown	NA
1992.0717	10	14	1992	717	190170	47	1.3	male	immature	NA
1992.0718	10	14	1992	718	190170	48	1.3	unknown	unknown	NA
1992.0719	10	13	1992	719	360010	39	0.9	unknown	unknown	NA
1992.072	10	13	1992	720	300070	38	0.6	unknown	unknown	NA
1992.0721	10	13	1992	721	300070	39	0.7	unknown	unknown	NA
1992.0722	10	13	1992	722	300070	34	0.3	unknown	unknown	NA
1992.0723	10	13	1992	723	260100	39	0.5	unknown	unknown	NA
1992.0724	10	15	1992	724	60010	151	47	male	nearly.ripe	NA
1992.0725	10	15	1992	725	30040	164	57.9	female	developing	NA
1992.0726	10	15	1992	726	30040	153	48.3	female	developing	NA
1992.0727	10	15	1992	727	30040	152	47.9	female	developing	NA
1992.0728	9	2	1992	728	180180	167	46.1	female	developing	NA
1992.0729	8	26	1992	729	380010	160	51.3	female	developing	NA
1992.073	8	24	1992	730	11	73	4.6	female	developing	NA
1992.0731	8	24	1992	731	11	43	1.2	unknown	yoy	NA
1992.0732	8	24	1992	732	11	49	1.7	unknown	yoy	NA
1992.0733	8	24	1992	733	11	43	1	unknown	yoy	NA
1992.0734	8	24	1992	734	11	41	1.1	unknown	yoy	NA
1992.0735	8	24	1992	735	11	26	0.2	unknown	yoy	NA
1992.0736	7	8	1992	736	150140	160	52.9	female	nearly.spent	NA
