tl
30
35
39
46
47
48
49
50
51
52
53
53
54
54
55
55
55
56
56
56
56
57
57
57
57
57
57
58
58
58
58
58
59
59
59
59
59
59
60
60
60
60
60
60
60
60
60
60
60
60
60
60
60
60
61
61
61
61
61
61
61
61
61
61
61
61
61
61
62
62
62
62
62
62
62
62
62
63
63
63
63
63
64
64
64
64
64
64
64
64
64
65
65
65
65
65
65
65
65
66
66
66
66
66
66
66
67
67
67
67
68
68
68
68
68
68
68
68
69
69
70
70
70
70
71
71
71
71
72
72
72
72
73
74
74
74
74
75
75
75
76
76
77
77
78
78
78
79
80
81
82
84
84
85
86
92
103
103
105
108
108
109
110
111
113
114
114
114
115
115
117
118
119
119
120
120
120
120
121
122
122
123
123
123
124
124
124
125
125
126
126
127
127
128
129
130
130
131
132
135
136
136
137
137
138
138
139
140
140
141
141
141
143
143
144
145
145
146
146
146
149
149
150
152
152
152
153
153
155
157
158
161
163
163
163
173
