fl
128
68
65
59
64
120
73
50
58
66
68
113
79
68
95
77
98
48
66
61
63
64
67
69
95
71
62
72
69
55
100
63
68
95
68
108
65
77
69
61
62
76
28
95
66
79
78
66
68
63
72
134
70
100
96
103
65
82
118
64
72
66
120
69
69
104
62
115
64
104
120
84
70
118
92
99
66
79
61
92
87
73
43
61
68
79
95
79
65
110
56
58
115
93
77
55
59
79
29
45
68
111
98
80
93
95
71
111
112
57
105
65
71
77
74
67
76
67
71
46
108
64
106
65
72
67
91
76
70
80
59
64
63
68
65
53
102
118
79
29
90
86
118
78
77
119
69
67
74
111
77
104
76
67
123
125
68
58
71
91
67
109
111
114
71
87
70
72
26
73
68
115
71
69
69
77
74
78
62
60
73
101
119
65
98
70
116
67
52
73
93
95
76
67
112
74
73
70
91
70
100
99
74
65
102
72
91
73
77
79
99
64
63
73
95
120
65
125
73
110
26
73
66
109
103
70
74
68
66
74
101
90
115
114
125
72
63
98
50
73
70
97
102
68
117
87
66
63
71
75
66
61
76
73
62
70
78
92
72
69
63
77
66
62
95
65
93
70
70
99
74
99
81
56
61
83
94
72
41
73
72
72
26
68
113
62
87
67
81
105
35
64
68
76
68
77
97
73
67
71
