# TroutperchLM2.txt
#
# simulated from FishBase information originally obtained from Brandt, S.B., J.J.
#    Magnuson, and L.B. Crowder.  1980.  Thermal habitat partitioning by fishes in Lake
#    Michigan.  Canadian Journal of Fisheries and Aquatic Sciences.  37:1557-1564.
#
# fl: fork length (mm)
#
fl
28
30
27
27
28
26
26
30
28
30
26
26
26
27
26
26
25
29
29
26
30
29
30
30
27
26
29
25
29
29
27
26
28
29
31
35
32
31
35
34
35
30
33
35
35
34
32
34
30
31
33
32
35
30
33
35
35
32
34
34
31
33
42
43
40
41
42
41
42
45
44
45
42
42
44
45
41
44
43
44
45
44
42
41
45
41
45
42
42
45
47
49
46
48
50
46
46
49
48
49
46
49
47
46
46
48
48
46
46
45
46
47
46
45
49
49
47
47
47
47
47
47
48
46
54
54
54
53
52
54
54
55
50
54
51
52
55
53
54
51
53
51
54
53
53
52
53
50
51
51
50
53
52
52
51
51
52
54
53
54
54
52
50
53
53
52
50
54
53
55
53
50
50
54
53
54
52
51
51
55
51
55
54
51
53
59
58
59
58
59
60
58
57
59
59
57
56
58
57
59
58
55
57
58
59
57
58
56
58
56
56
59
57
58
59
59
60
59
59
58
57
59
57
57
56
57
60
56
57
60
58
60
57
58
55
57
57
57
57
58
58
55
59
57
58
59
56
59
58
59
56
55
58
56
56
55
58
58
57
57
60
58
55
57
57
59
59
56
60
57
59
57
57
59
57
60
56
55
55
59
59
57
58
58
58
59
58
58
56
60
57
59
57
60
57
59
56
55
56
60
57
58
59
59
60
56
56
60
61
61
61
63
64
64
63
62
65
61
63
64
60
64
64
61
65
62
60
63
64
62
63
61
61
63
60
61
64
65
65
63
62
63
62
61
63
63
62
62
62
64
61
62
62
63
63
60
62
64
62
63
62
60
60
64
62
63
65
63
62
62
61
63
65
62
61
63
61
62
62
63
64
62
64
61
62
61
62
61
61
60
63
62
64
63
65
63
62
65
63
62
61
63
63
63
63
64
61
65
64
64
64
62
62
65
62
63
63
65
64
64
65
61
64
61
63
62
62
63
62
64
60
63
62
62
63
62
63
60
62
61
63
62
64
60
63
61
64
60
63
63
64
61
62
62
64
61
64
61
63
63
60
60
61
64
61
64
64
65
60
61
64
63
61
62
64
64
63
61
63
63
65
62
61
63
61
62
61
65
61
60
64
63
62
62
61
61
60
63
63
61
62
61
61
62
64
62
63
63
62
62
65
61
61
63
62
64
60
62
62
63
61
65
61
61
63
61
65
63
62
65
61
62
61
61
63
61
64
65
63
62
61
62
64
65
64
64
61
64
62
65
61
65
62
64
64
61
61
61
60
62
61
63
64
61
62
64
62
63
61
64
64
63
65
61
64
63
64
62
60
65
63
62
60
64
63
61
60
61
64
62
64
61
64
65
62
61
60
62
61
63
61
60
63
61
65
63
64
65
62
62
60
61
65
64
61
64
63
65
63
61
61
62
62
65
62
60
64
62
65
61
64
63
64
63
62
61
62
64
63
64
62
60
64
61
60
61
63
63
64
61
64
63
65
60
60
64
61
62
62
63
65
61
64
61
61
61
63
63
64
65
62
60
65
63
61
60
64
65
61
65
63
62
63
63
62
62
63
62
64
61
64
63
63
64
62
62
63
62
64
64
62
62
63
64
65
69
70
70
69
67
68
68
65
67
68
69
67
67
69
69
70
69
65
68
68
69
68
68
67
67
69
66
67
70
67
67
68
66
69
66
65
69
67
66
66
68
68
67
68
65
65
68
67
69
66
68
66
65
68
66
66
68
66
69
67
67
69
69
68
68
65
67
69
67
66
65
68
65
66
68
70
68
68
69
65
66
65
67
67
66
69
68
65
68
69
66
65
70
67
70
66
70
65
67
68
70
69
69
69
68
66
67
66
70
68
68
66
66
69
68
65
69
68
66
70
68
69
67
67
67
66
67
68
65
68
68
67
69
66
67
68
69
68
67
65
68
67
67
67
66
69
67
67
66
65
65
68
68
67
67
66
70
67
67
67
65
66
68
70
68
69
70
68
68
67
66
68
70
68
70
68
66
69
68
68
70
67
68
69
68
67
67
67
70
65
69
69
68
69
67
69
69
68
68
67
68
67
68
66
69
70
66
69
66
67
70
66
66
68
66
66
66
69
69
69
69
67
67
70
66
68
68
68
69
69
65
68
66
66
70
68
65
67
68
66
68
66
69
66
65
67
68
67
67
66
65
70
66
66
69
69
66
67
66
69
67
67
66
67
69
66
66
68
67
66
69
67
70
70
70
66
68
69
66
66
68
68
66
68
66
68
68
66
66
66
68
67
67
66
66
69
69
66
69
68
69
67
66
69
68
70
68
68
67
66
66
70
69
68
66
67
66
65
65
66
66
69
68
69
67
65
68
68
68
67
66
65
68
67
67
69
66
68
66
67
68
68
67
68
65
66
70
69
70
69
70
67
69
69
67
66
66
67
70
66
66
66
68
69
69
68
70
68
67
67
66
67
65
70
68
68
67
65
66
68
69
66
66
68
68
65
68
69
66
67
69
66
68
66
66
66
66
69
68
66
67
68
66
70
70
66
68
66
70
66
66
69
70
65
70
67
66
68
67
69
70
69
68
65
66
70
69
65
65
66
66
68
69
67
68
68
66
66
69
66
68
67
69
67
66
66
68
70
68
66
67
69
69
69
68
67
66
67
67
66
69
65
66
67
68
66
66
65
68
66
69
66
66
70
66
69
67
67
66
68
65
68
67
68
70
70
70
69
67
69
67
69
67
66
66
65
65
68
69
65
69
70
68
67
65
66
67
70
66
69
66
69
65
67
67
68
68
70
67
68
66
67
69
67
66
66
68
70
67
67
67
66
67
67
67
68
67
69
66
68
69
70
69
68
68
66
68
68
67
66
67
69
69
65
69
66
68
67
68
65
69
69
66
69
67
70
70
69
66
67
66
66
65
68
69
65
66
68
68
70
65
69
70
69
70
67
66
65
68
66
67
65
68
68
69
68
67
65
65
67
67
69
65
68
67
66
69
68
69
69
68
65
67
67
67
68
69
65
67
69
66
70
67
69
66
70
68
68
69
70
67
68
66
70
68
68
66
69
69
68
68
69
70
73
72
72
74
71
71
71
74
74
72
75
71
74
70
73
70
71
72
71
72
73
71
71
74
71
70
74
71
74
74
71
71
73
75
70
72
73
73
74
75
70
71
74
72
74
75
75
71
74
74
74
74
72
72
73
73
71
70
74
72
75
70
73
73
75
71
74
70
71
70
71
75
71
71
72
73
71
71
70
71
73
74
72
75
72
73
74
71
72
70
72
72
71
73
72
70
74
75
73
72
74
71
75
70
72
74
73
73
73
73
73
71
75
73
74
74
72
71
72
70
72
74
72
70
72
72
71
71
71
72
75
73
71
72
70
73
75
72
74
71
74
75
73
74
70
74
70
72
72
71
74
74
70
73
70
74
71
74
72
70
72
70
73
72
70
74
75
74
71
72
74
70
72
72
71
72
72
70
73
71
74
74
74
75
74
74
70
75
71
70
71
71
74
72
70
72
75
75
72
71
70
74
74
72
70
71
73
74
73
71
72
72
70
74
73
70
71
74
71
74
74
73
70
71
73
75
73
75
71
71
75
74
71
70
72
75
73
74
74
75
73
74
73
73
72
74
70
70
73
74
75
70
74
73
72
74
74
72
75
73
72
73
72
70
74
74
70
72
74
74
74
72
72
71
73
74
72
71
71
73
73
74
72
74
71
74
75
74
71
72
73
73
74
75
72
71
75
74
73
72
73
72
70
70
74
72
72
72
71
73
74
72
74
70
72
72
70
72
74
71
72
72
70
72
73
71
74
71
72
74
72
72
70
70
75
72
73
71
70
74
74
70
71
75
74
71
74
74
74
73
75
71
72
72
72
73
73
72
73
71
74
73
70
70
72
72
71
71
71
73
71
71
72
74
71
73
73
71
72
71
71
73
75
70
73
74
74
72
73
71
72
73
73
71
73
73
73
72
73
71
72
71
74
72
71
71
70
73
71
72
71
72
72
75
73
74
70
72
74
72
70
74
75
73
73
72
71
74
73
70
74
72
75
73
73
72
74
71
73
73
71
73
75
71
73
73
75
74
72
74
72
72
71
73
72
73
72
71
74
74
71
75
73
73
71
75
74
73
71
75
73
74
74
72
70
72
72
71
70
75
75
75
75
73
72
75
74
73
71
72
71
72
73
71
72
71
74
71
72
74
72
70
72
75
71
74
72
71
71
71
70
75
73
70
72
72
73
72
72
74
72
70
72
70
75
74
71
72
74
74
71
70
73
72
72
74
74
70
74
74
74
71
71
73
75
73
71
72
75
71
72
75
73
72
72
72
74
72
72
72
71
74
71
72
75
74
73
74
72
72
70
73
71
70
73
71
73
75
70
73
77
75
76
76
78
76
78
78
77
79
78
76
76
79
76
76
75
79
79
77
78
77
76
79
75
79
80
78
79
78
79
77
79
77
75
77
78
75
75
76
76
78
76
79
75
77
76
79
77
76
79
76
76
80
75
78
75
78
79
77
77
76
77
78
76
77
75
76
76
78
76
76
76
79
75
77
79
79
79
79
78
76
78
78
77
80
79
76
76
80
80
79
76
75
78
78
76
79
78
79
79
78
79
79
75
75
76
77
76
77
79
76
77
80
79
79
79
77
76
80
77
79
80
79
75
77
75
77
78
77
78
77
78
78
75
79
78
77
79
79
78
78
77
79
79
78
76
77
78
78
77
76
78
76
75
80
76
79
78
75
75
77
76
75
76
77
75
80
76
76
79
77
77
80
80
77
79
78
78
79
78
76
76
75
80
77
77
77
77
77
78
79
80
76
77
78
76
77
80
79
76
77
76
77
79
76
80
76
76
79
76
78
78
77
75
77
79
77
80
76
77
76
78
77
77
77
76
79
75
79
79
78
76
76
80
76
77
77
77
79
77
78
78
80
79
79
79
78
78
75
78
79
80
77
78
79
78
76
80
76
76
75
79
78
76
79
76
79
80
78
77
78
79
78
77
77
77
80
78
75
75
79
78
79
78
77
76
75
75
78
79
78
79
80
75
78
76
75
80
79
76
78
78
79
80
80
80
84
82
82
82
81
81
85
83
82
84
82
84
84
84
81
83
84
82
84
81
81
83
83
85
85
83
85
83
83
82
81
84
83
82
81
82
85
81
85
84
83
83
82
85
82
84
82
81
83
81
81
83
83
82
82
83
83
84
82
82
83
84
83
85
81
85
84
81
84
82
81
84
82
81
82
83
84
82
85
83
83
83
84
83
84
81
84
82
81
85
82
80
81
80
81
85
81
85
84
84
80
80
81
82
83
84
85
83
85
84
83
83
84
82
84
84
82
84
84
82
81
87
87
89
90
90
88
85
90
88
89
90
87
87
85
85
90
87
87
87
89
86
86
89
87
88
87
90
86
86
87
89
86
85
85
85
85
86
89
89
88
90
89
88
86
87
89
88
89
85
90
86
89
89
88
89
87
90
86
88
89
86
88
89
89
88
87
88
89
90
86
89
86
90
85
89
87
90
88
90
87
89
88
86
90
89
88
86
90
89
87
88
88
94
91
92
93
94
92
90
93
90
92
92
92
91
94
91
90
92
92
93
94
93
95
93
94
93
95
93
91
94
95
94
93
91
92
92
93
94
92
91
92
93
92
94
91
92
90
92
92
95
91
94
95
93
91
92
94
91
92
92
92
90
94
95
91
95
94
93
93
94
92
93
93
93
90
91
93
90
92
93
91
90
92
94
94
92
93
92
90
91
94
94
93
92
91
95
93
93
92
92
95
90
91
92
95
93
92
90
91
92
93
91
91
93
93
92
93
94
91
91
94
94
90
92
95
91
95
91
93
94
94
91
94
93
91
93
91
95
92
91
93
91
94
94
93
94
91
95
91
95
92
92
91
90
94
91
92
92
93
95
93
94
94
94
94
90
91
94
92
93
93
94
94
95
95
91
91
95
91
94
91
94
93
94
94
92
93
91
91
100
99
97
96
99
95
96
99
97
98
96
95
96
99
99
98
100
98
98
98
97
97
96
100
96
99
97
95
99
95
95
96
98
97
98
100
100
99
96
97
96
99
96
97
96
98
98
99
99
96
95
96
100
96
95
96
97
96
95
100
99
100
96
98
95
98
96
95
95
100
96
98
100
97
96
98
95
96
98
99
96
96
96
97
95
98
97
95
98
95
100
96
98
95
97
97
98
97
99
97
97
100
99
99
95
96
99
97
100
99
97
96
99
100
97
96
96
96
99
98
98
96
99
95
97
97
99
97
100
99
96
96
99
98
99
99
95
100
99
99
98
97
99
96
100
96
99
99
98
96
97
99
100
96
96
98
97
98
100
97
99
99
99
100
99
96
96
96
100
98
98
96
96
98
98
98
97
98
105
100
102
104
101
101
103
101
100
103
102
100
105
103
101
103
102
100
102
103
104
102
104
105
103
103
104
103
101
103
101
101
103
102
103
103
104
105
102
105
102
105
101
102
102
103
103
103
105
105
101
104
102
103
102
101
101
105
100
104
104
104
100
102
104
105
100
104
102
102
100
103
105
104
103
103
100
102
101
102
100
102
104
103
104
103
103
104
103
101
104
102
102
104
105
104
102
101
103
103
101
101
103
101
103
103
104
103
103
102
104
103
105
100
104
105
102
103
101
101
102
102
100
102
104
109
108
105
108
108
107
105
107
110
109
109
108
108
109
108
108
107
108
108
107
108
106
110
106
108
107
108
108
107
105
108
108
109
106
110
107
108
109
106
110
107
109
108
108
109
106
108
109
106
108
107
107
106
108
108
106
108
106
108
106
109
108
108
105
110
107
109
106
107
108
109
109
108
105
107
110
107
107
106
109
105
105
108
106
106
110
106
106
107
109
108
108
108
106
105
108
110
107
105
110
107
106
108
107
108
107
108
108
108
107
107
109
108
107
109
109
109
107
108
108
114
114
114
115
112
112
114
113
110
111
111
113
110
112
114
113
112
113
114
112
113
111
114
113
111
113
113
113
110
113
113
112
111
112
114
111
114
115
114
115
112
114
111
115
111
113
111
111
111
111
114
110
112
111
112
111
111
112
114
112
114
114
113
114
115
111
111
112
113
111
112
111
110
111
114
113
112
113
111
115
111
112
114
113
112
113
115
114
115
112
114
113
110
112
112
115
114
113
115
111
113
113
115
113
113
115
111
114
114
114
113
113
112
114
112
114
111
113
111
114
110
115
117
116
118
118
120
118
116
116
118
118
118
119
117
120
116
118
116
116
118
118
120
116
118
116
119
119
120
117
120
116
116
116
116
120
115
116
117
116
117
120
116
117
115
115
117
118
119
120
115
119
119
117
119
117
119
120
117
118
116
115
119
119
117
120
117
118
120
118
118
115
115
120
116
118
116
117
117
115
118
116
119
115
119
115
117
118
118
117
119
115
120
119
124
123
123
123
124
122
122
121
124
123
125
123
121
125
121
124
122
123
125
122
124
122
121
121
122
125
121
124
125
120
123
122
125
125
121
121
120
122
121
123
120
124
121
122
122
122
122
124
122
124
121
124
124
124
122
123
122
120
125
121
123
130
125
130
127
128
125
125
128
130
130
126
129
128
127
127
130
126
129
129
128
127
129
129
131
130
133
132
134
132
132
135
134
132
135
133
131
133
130
132
132
134
135
131
135
133
134
132
130
131
131
130
